101 5
1 67 1 1 0 0 0 1 1 0 0 0 1 1 1 1 0 2 3 0 1 0 3 0 3 0 3 0 3 1 0 3 0 2 3 0 3 0 0 2 2 2 2 2 2 2 3 0 3 1 0 2 2 1 0 3 0 3 0 1 0 3 0 3 0 3 0 2 2
1 81 1 1 0 2 3 2 2 2 3 0 3 0 3 0 3 0 0 2 2 1 0 1 0 3 0 3 0 1 0 1 0 3 0 1 0 1 0 1 0 3 0 1 0 0 2 3 2 2 2 2 2 0 3 2 3 2 3 0 1 0 1 0 3 0 3 0 1 0 2 0 2 3 1 0 1 0 1 0 2 2 2
1 99 0 0 0 0 0 0 0 2 3 0 3 0 1 0 3 0 1 0 1 0 3 0 3 0 3 0 3 0 2 1 0 1 0 1 0 0 2 3 3 1 0 1 0 1 0 3 0 0 2 2 0 2 2 2 3 0 1 0 3 0 3 0 1 0 1 0 1 0 2 1 2 3 1 2 2 2 3 0 3 0 3 0 3 0 1 0 1 0 2 0 3 2 2 1 2 2 1 2 2
1 83 0 1 0 2 1 0 3 0 3 0 3 0 2 2 1 2 2 1 2 3 2 1 0 1 0 3 0 1 0 3 0 1 0 3 0 3 0 3 0 1 0 1 0 3 0 1 0 3 0 1 0 1 0 2 1 0 1 2 3 0 2 2 2 2 2 2 0 2 2 1 0 1 0 3 0 2 1 0 1 0 0 3 2
1 110 0 0 0 0 0 1 1 0 2 3 0 1 0 1 0 1 0 3 0 2 3 0 3 0 3 0 3 0 3 0 3 0 1 0 2 2 0 1 0 1 0 3 0 1 0 1 0 1 0 3 0 3 0 1 0 0 2 3 2 3 3 2 1 0 1 0 3 0 1 0 3 0 1 0 3 0 3 0 0 2 2 3 3 3 2 2 1 0 1 0 1 0 3 0 3 0 2 3 0 1 0 1 0 3 0 0 3 3 2 3
1 35 0 0 1 1 0 0 0 1 1 0 3 0 1 0 1 0 1 0 1 0 2 1 0 3 0 3 0 2 2 0 3 3 2 2 3
1 8 0 1 1 1 1 1 1 0
0 17 0 0 0 0 0 0 0 0 0 1 1 1 1 1 1 1 1
0 45 0 0 0 0 0 0 0 0 0 1 1 1 1 1 1 1 1 0 3 0 3 0 2 3 0 3 2 2 2 3 0 3 0 1 0 1 0 1 0 3 0 2 3 0 1
0 24 1 1 1 1 0 2 3 0 3 0 3 0 3 0 3 0 3 0 1 0 0 3 2 1
0 12 0 0 0 0 0 0 0 0 0 1 1 1
0 41 1 1 1 1 0 0 0 1 1 1 1 0 1 0 3 0 1 0 2 2 2 2 0 2 3 2 1 0 3 0 3 0 1 0 3 0 1 0 1 0 1
0 13 1 1 1 1 0 0 0 1 1 1 1 0 1
0 14 0 0 0 0 0 0 0 0 0 1 1 1 1 1
0 2 1 1
0 13 1 1 0 0 0 0 1 1 1 1 0 1 2
0 70 1 1 1 1 0 0 0 1 1 1 1 0 1 0 3 0 1 0 2 2 2 2 0 2 3 2 1 0 3 0 3 0 1 0 3 0 1 0 1 0 1 0 1 0 1 0 1 0 1 0 1 0 3 2 2 2 0 3 3 3 0 1 0 1 0 3 0 1 0 1
0 11 0 0 0 0 0 0 0 0 0 1 1
0 22 0 2 1 0 3 0 1 0 3 0 3 0 2 3 1 0 3 0 1 0 1 2
0 49 1 1 1 1 0 0 0 1 1 1 1 0 1 0 3 0 1 0 2 2 2 2 0 2 3 2 1 0 3 0 3 0 1 0 3 0 1 0 1 0 1 0 1 0 1 0 1 0 1
0 4 0 0 1 1
0 27 0 2 1 0 3 0 1 0 3 0 3 0 2 3 1 0 3 0 1 0 1 2 2 1 2 3 1
0 28 0 2 1 0 3 0 1 0 3 0 3 0 2 3 1 0 3 0 1 0 1 2 2 1 2 3 1 2
0 47 1 1 1 1 0 0 0 1 1 1 1 0 1 0 3 0 1 0 2 2 2 2 0 2 3 2 1 0 3 0 3 0 1 0 3 0 1 0 1 0 1 0 1 0 1 0 1
0 61 0 0 0 0 0 0 0 0 0 1 1 1 1 1 1 1 1 0 3 0 3 0 2 3 0 3 2 2 2 3 0 3 0 1 0 1 0 1 0 3 0 2 3 0 1 0 3 0 0 2 3 2 1 0 1 0 1 0 3 0 1
0 8 1 1 1 1 1 1 1 1
0 45 1 1 1 1 0 0 0 1 1 1 1 0 1 0 3 0 1 0 2 2 2 2 0 2 3 2 1 0 3 0 3 0 1 0 3 0 1 0 1 0 1 0 1 0 1
0 24 0 2 1 0 3 0 1 0 3 0 3 0 2 3 1 0 3 0 1 0 1 2 2 1
0 74 1 1 1 1 0 0 0 1 1 1 1 0 1 0 3 0 1 0 2 2 2 2 0 2 3 2 1 0 3 0 3 0 1 0 3 0 1 0 1 0 1 0 1 0 1 0 1 0 1 0 1 0 3 2 2 2 0 3 3 3 0 1 0 1 0 3 0 1 0 1 0 3 0 1
0 5 1 1 1 1 1
0 58 0 2 1 0 3 0 1 0 3 0 3 0 2 3 1 0 3 0 1 0 1 2 2 1 2 3 1 2 3 1 2 3 1 2 3 0 2 3 2 3 2 1 0 3 0 3 0 3 0 3 0 3 0 3 0 3 0 1
0 10 1 1 0 0 0 0 1 1 1 1
0 27 0 0 1 1 1 1 0 0 0 0 0 0 0 0 0 0 0 0 0 3 3 2 3 0 3 0 1
0 9 1 1 1 1 0 0 0 1 1
0 51 1 1 1 1 0 0 0 1 1 1 1 0 1 0 3 0 1 0 2 2 2 2 0 2 3 2 1 0 3 0 3 0 1 0 3 0 1 0 1 0 1 0 1 0 1 0 1 0 1 0 1
0 42 0 2 1 0 3 0 1 0 3 0 3 0 2 3 1 0 3 0 1 0 1 2 2 1 2 3 1 2 3 1 2 3 1 2 3 0 2 3 2 3 2 1
0 15 0 0 0 0 0 0 0 0 0 1 1 1 1 1 1
0 54 1 1 1 1 0 2 3 0 3 0 3 0 3 0 3 0 3 0 1 0 0 3 2 1 0 1 0 1 0 3 0 3 0 3 0 2 0 3 3 2 2 2 2 2 2 3 2 0 3 2 2 1 0 1
0 12 1 1 0 0 0 0 1 1 1 1 0 1
0 11 1 1 1 1 0 0 0 1 1 1 1
0 1 1
0 3 1 1 1
0 43 1 1 1 1 0 0 0 1 1 1 1 0 1 0 3 0 1 0 2 2 2 2 0 2 3 2 1 0 3 0 3 0 1 0 3 0 1 0 1 0 1 0 1
0 37 0 0 1 1 1 1 0 0 0 0 0 0 0 0 0 0 0 0 0 3 3 2 3 0 3 0 1 0 3 0 3 0 3 0 3 0 1
0 36 0 0 0 0 0 0 0 0 0 1 1 1 1 1 1 1 1 0 3 0 3 0 2 3 0 3 2 2 2 3 0 3 0 1 0 1
0 6 0 0 1 1 1 1
0 31 0 2 1 0 3 0 1 0 3 0 3 0 2 3 1 0 3 0 1 0 1 2 2 1 2 3 1 2 3 1 2
0 64 1 1 1 1 0 0 0 1 1 1 1 0 1 0 3 0 1 0 2 2 2 2 0 2 3 2 1 0 3 0 3 0 1 0 3 0 1 0 1 0 1 0 1 0 1 0 1 0 1 0 1 0 3 2 2 2 0 3 3 3 0 1 0 1
0 30 0 2 1 0 3 0 1 0 3 0 3 0 2 3 1 0 3 0 1 0 1 2 2 1 2 3 1 2 3 1
0 36 1 1 0 0 0 0 1 1 1 1 0 1 2 3 1 2 3 1 2 2 1 2 3 2 1 0 3 0 3 0 3 0 3 0 2 1
0 16 0 0 0 0 0 0 0 0 0 1 1 1 1 1 1 1
0 55 0 0 0 0 0 0 0 0 0 1 1 1 1 1 1 1 1 0 3 0 3 0 2 3 0 3 2 2 2 3 0 3 0 1 0 1 0 1 0 3 0 2 3 0 1 0 3 0 0 2 3 2 1 0 1
0 78 1 1 1 1 0 0 0 1 1 1 1 0 1 0 3 0 1 0 2 2 2 2 0 2 3 2 1 0 3 0 3 0 1 0 3 0 1 0 1 0 1 0 1 0 1 0 1 0 1 0 1 0 3 2 2 2 0 3 3 3 0 1 0 1 0 3 0 1 0 1 0 3 0 1 0 3 0 1
0 3 0 0 1
0 26 1 1 1 1 0 2 3 0 3 0 3 0 3 0 3 0 3 0 1 0 0 3 2 1 0 1
0 52 1 1 1 1 0 2 3 0 3 0 3 0 3 0 3 0 3 0 1 0 0 3 2 1 0 1 0 1 0 3 0 3 0 3 0 2 0 3 3 2 2 2 2 2 2 3 2 0 3 2 2 1
0 16 1 1 0 0 0 0 1 1 1 1 0 1 2 3 1 2
0 21 0 2 1 0 3 0 1 0 3 0 3 0 2 3 1 0 3 0 1 0 1
0 25 0 2 1 0 3 0 1 0 3 0 3 0 2 3 1 0 3 0 1 0 1 2 2 1 2
0 7 1 1 1 1 1 1 1
0 4 1 1 1 1
0 33 1 1 1 1 0 0 0 1 1 1 1 0 1 0 3 0 1 0 2 2 2 2 0 2 3 2 1 0 3 0 3 0 1
0 7 0 2 1 0 3 0 1
0 15 0 2 1 0 3 0 1 0 3 0 3 0 2 3 1
0 10 1 1 1 1 1 1 1 1 1 1
0 10 1 1 1 1 0 0 0 1 1 1
0 64 0 2 1 0 3 0 1 0 3 0 3 0 2 3 1 0 3 0 1 0 1 2 2 1 2 3 1 2 3 1 2 3 1 2 3 0 2 3 2 3 2 1 0 3 0 3 0 3 0 3 0 3 0 3 0 3 0 1 0 1 0 3 0 1
0 60 0 2 1 0 3 0 1 0 3 0 3 0 2 3 1 0 3 0 1 0 1 2 2 1 2 3 1 2 3 1 2 3 1 2 3 0 2 3 2 3 2 1 0 3 0 3 0 3 0 3 0 3 0 3 0 3 0 1 0 1
0 34 0 2 1 0 3 0 1 0 3 0 3 0 2 3 1 0 3 0 1 0 1 2 2 1 2 3 1 2 3 1 2 3 1 2
0 37 1 1 1 1 0 0 0 1 1 1 1 0 1 0 3 0 1 0 2 2 2 2 0 2 3 2 1 0 3 0 3 0 1 0 3 0 1
0 6 1 1 1 1 1 1
0 13 0 0 0 0 0 0 0 0 0 1 1 1 1
0 7 1 1 0 0 0 0 1
0 9 1 1 1 1 1 1 1 1 1
0 19 0 2 1 0 3 0 1 0 3 0 3 0 2 3 1 0 3 0 1
0 68 1 1 1 1 0 0 0 1 1 1 1 0 1 0 3 0 1 0 2 2 2 2 0 2 3 2 1 0 3 0 3 0 1 0 3 0 1 0 1 0 1 0 1 0 1 0 1 0 1 0 1 0 3 2 2 2 0 3 3 3 0 1 0 1 0 3 0 1
0 53 0 0 0 0 0 0 0 0 0 1 1 1 1 1 1 1 1 0 3 0 3 0 2 3 0 3 2 2 2 3 0 3 0 1 0 1 0 1 0 3 0 2 3 0 1 0 3 0 0 2 3 2 1
0 18 1 1 0 0 0 0 1 1 1 1 0 1 2 3 1 2 3 1
0 80 1 1 1 1 0 0 0 1 1 1 1 0 1 0 3 0 1 0 2 2 2 2 0 2 3 2 1 0 3 0 3 0 1 0 3 0 1 0 1 0 1 0 1 0 1 0 1 0 1 0 1 0 3 2 2 2 0 3 3 3 0 1 0 1 0 3 0 1 0 1 0 3 0 1 0 3 0 1 0 1
0 9 1 1 0 0 0 0 1 1 1
0 38 0 0 0 0 0 0 0 0 0 1 1 1 1 1 1 1 1 0 3 0 3 0 2 3 0 3 2 2 2 3 0 3 0 1 0 1 0 1
0 25 1 1 0 0 0 0 1 1 1 1 0 1 2 3 1 2 3 1 2 2 1 2 3 2 1
0 15 1 1 0 0 0 0 1 1 1 1 0 1 2 3 1
0 57 0 0 0 0 0 0 0 0 0 1 1 1 1 1 1 1 1 0 3 0 3 0 2 3 0 3 2 2 2 3 0 3 0 1 0 1 0 1 0 3 0 2 3 0 1 0 3 0 0 2 3 2 1 0 1 0 1
0 62 1 1 1 1 0 0 0 1 1 1 1 0 1 0 3 0 1 0 2 2 2 2 0 2 3 2 1 0 3 0 3 0 1 0 3 0 1 0 1 0 1 0 1 0 1 0 1 0 1 0 1 0 3 2 2 2 0 3 3 3 0 1
0 22 1 1 0 0 0 0 1 1 1 1 0 1 2 3 1 2 3 1 2 2 1 2
0 33 0 2 1 0 3 0 1 0 3 0 3 0 2 3 1 0 3 0 1 0 1 2 2 1 2 3 1 2 3 1 2 3 1
0 27 1 1 1 1 0 0 0 1 1 1 1 0 1 0 3 0 1 0 2 2 2 2 0 2 3 2 1
0 34 0 0 0 0 0 0 0 0 0 1 1 1 1 1 1 1 1 0 3 0 3 0 2 3 0 3 2 2 2 3 0 3 0 1
0 19 1 1 1 1 0 2 3 0 3 0 3 0 3 0 3 0 3 0 1
0 19 1 1 0 0 0 0 1 1 1 1 0 1 2 3 1 2 3 1 2
0 5 0 0 1 1 1
0 17 1 1 1 1 0 0 0 1 1 1 1 0 1 0 3 0 1
0 3 0 2 1
0 39 1 1 1 1 0 0 0 1 1 1 1 0 1 0 3 0 1 0 2 2 2 2 0 2 3 2 1 0 3 0 3 0 1 0 3 0 1 0 1
0 28 1 1 1 1 0 2 3 0 3 0 3 0 3 0 3 0 3 0 1 0 0 3 2 1 0 1 0 1
0 21 1 1 0 0 0 0 1 1 1 1 0 1 2 3 1 2 3 1 2 2 1
0 10 0 0 0 0 0 0 0 0 0 1
0 8 1 1 1 1 0 0 0 1
0 40 1 1 0 0 0 0 1 1 1 1 0 1 2 3 1 2 3 1 2 2 1 2 3 2 1 0 3 0 3 0 3 0 3 0 2 1 0 3 0 1
0 8 1 1 0 0 0 0 1 1
